learning_rate: 1.4956066518424355e-06
num_train_epochs: 6
pos_weight: 6.828424226204718
weight_decay: 0.13641031566641162
