learning_rate: 6.403177955561708e-05
num_train_epochs: 6
pos_weight: 5.692984080215204
weight_decay: 0.05809615801613325
